#    PDB,    res,   C36m,    mC36m,    ff14SB,    mff14SB,    propka,    pypka,    experiment
      1XOB,   C32,   10.99,     8.93,    13.84,    11.02,     9.30,   10.13,    7.50
      1ERT,   C32,    9.55,     8.77,    10.05,     9.08,     8.90,    9.60,    6.30
      1SU9,   C35,   10.75,     9.43,    13.05,    11.12,    10.20,   10.40,    8.80
      1A2L,   C28,    7.15,     5.68,    10.84,     7.04,     8.80,    9.05,    3.30
   1A2L_LT,   C28,    7.73,     6.09,     9.07,     6.85,     8.30,    8.85,    4.86
   1A2L_PL,   C28,    7.80,     5.80,    10.96,     7.39,     8.80,    8.91,    4.42
   1A2L_PP,   C28,    9.49,     7.16,    10.90,     8.08,     9.50,    9.05,    6.73
   1A2L_QL,   C28,    8.06,     6.27,     9.87,     7.02,     8.70,    9.04,    4.59
   1A2L_SF,   C28,    7.80,     6.06,     9.69,     6.76,     8.70,    8.96,    4.34
   1A2L_ST,   C28,    7.66,     5.89,     8.89,     6.70,     8.30,    8.81,    4.45
   1A2L_SV,   C28,    8.03,     6.05,     9.44,     6.64,     8.60,    8.94,    4.23
   1A2L_TR,   C28,    7.74,     5.95,     8.98,     6.36,     8.50,    8.64,    4.76
      1O73,   C40,    9.77,     7.87,    12.25,    10.86,     9.20,    9.71,    7.20
      1PPN,   C25,    4.36,     3.66,    10.66,    10.21,    10.50,    9.40,    3.30
      1PPO,   C25,    1.60,     3.85,     6.60,     9.39,     7.50,    9.00,    2.90
      2HNP,  C215,    4.47,     2.24,     4.94,     1.75,     8.50,    5.60,    5.60
      4MA9,   C46,   10.58,     8.20,    10.77,    10.95,     8.90,    9.10,    5.90
      1I0E,  C283,    7.07,     6.14,     9.56,     8.00,    10.40,    7.70,    5.60
1I0E_S285A,  C283,    7.07,     6.15,     9.61,     7.91,    10.60,    7.90,    6.70
 1NTI_E78C,   C78,    8.14,     8.52,     8.87,     9.04,     8.90,    8.20,    9.60
 1NTI_S65C,   C65,    8.04,     7.83,     8.58,     8.96,     9.80,    9.20,    9.00
 1NTI_M46C,   C46,    8.17,     8.39,     7.74,     8.26,     9.20,    8.80,    8.20
 1NTI_V36C,   C36,   10.15,     9.16,     9.87,     9.60,     9.20,    8.90,    9.50
 1NTI_T17C,   C17,    9.68,     9.47,    10.08,     9.73,     9.40,    9.30,    9.80
      1QLP,  C210,    9.97,     7.80,    11.69,     8.26,     9.10,    8.20,    6.90
      1EH6,  C145,    6.06,     6.27,     7.97,     4.74,    10.40,    8.50,    5.30
      1YPT,  C213,    0.61,     0.47,     1.88,     7.48,     7.60,    6.20,    4.70
1YPT_H402N,  C213,   -1.55,     1.74,     0.20,     0.63,     7.56,    6.06,    6.00
1YPT_H402A,  C213,    1.27,     3.13,    -0.81,     3.64,     7.57,    6.16,    7.40
      2L90,   C51,    8.70,     9.89,     9.29,    10.68,    12.90,   10.70,    7.20
2L90_E115Q,   C51,    8.32,     7.81,    10.89,     8.90,    11.40,   11.90,    8.20
      1I7K,   C85,    9.17,     8.72,     9.95,     8.64,    12.90,   11.40,   10.90
      1JBB,   C85,   10.01,     9.52,    10.05,     9.46,     9.90,    9.50,   11.10
      1JAS,   C88,   10.16,     9.10,    10.49,     9.78,     9.10,    9.30,   10.20
      1QKI,  C278,    7.90,     7.53,    11.36,     8.87,     9.90,    9.10,    5.60
      1THE,   C29,    9.08,     6.25,     9.30,    10.31,    10.80,   11.00,    3.60
2MGE_G124C,  C125,    7.55,     6.99,     9.51,     7.85,     8.10,    8.10,    6.50
2MGE_A125C,  C126,    8.07,     8.13,     8.14,     8.38,    10.30,    9.20,    8.40
2MGE_D126C,  C127,    8.42,     8.40,     8.31,     8.17,    10.30,    9.20,    8.10
      1P5F,  C106,    6.71,    11.26,     7.63,     4.98,    12.30,   10.40,    5.40
      1A6K,  H113,    5.48,     5.76,     3.59,     5.46,     5.79,    5.93,    5.48
      1A6K,  H116,    7.55,     6.82,     5.73,     6.11,     6.30,    6.38,    7.55
      1A6K,   H12,    6.38,     5.83,     4.62,     5.90,     6.80,    6.97,    6.38
      1A6K,   H36,    5.47,     5.84,     6.54,     9.28,     6.10,    7.41,    5.47
      1A6K,   H48,    5.92,     5.63,     1.61,     5.94,     6.19,    6.16,    5.92
      1A6K,   H81,    6.74,     6.89,     6.18,     6.94,     6.39,    7.09,    6.74
      1DWR,  H113,    5.46,     6.15,     3.70,     5.30,     5.52,    5.89,    5.46
      1DWR,  H116,    6.36,     6.58,     5.72,     6.53,     6.02,    6.07,    6.36
      1DWR,  H119,    5.07,     4.97,     1.27,     8.56,     5.26,    6.29,    5.07
      1DWR,   H36,    5.18,     5.23,     6.10,     8.82,     6.03,    7.25,    5.18
      1DWR,   H48,    6.01,     5.86,     2.76,     5.80,     6.23,    6.62,    6.01
      1DWR,   H81,    6.72,     6.30,     6.27,     6.92,     6.44,    6.03,    6.72
      1ERT,   H43,    5.50,     5.59,     6.38,     6.40,     6.24,    6.54,    5.50
      1EY0,  H121,    4.41,     4.55,     4.37,     5.46,     6.19,    6.19,    4.41
      1EY0,  H124,    5.53,     5.35,     3.87,     5.46,     6.37,    6.25,    5.53
      1EY0,   H46,    4.86,     4.58,    -1.19,     5.22,     6.44,    1.52,    4.86
      1EY0,    H8,    6.19,     6.69,     4.19,     6.56,     6.40,    6.68,    6.19
      2RN2,  H124,    7.12,     6.57,     6.70,     6.87,     6.30,    5.49,    7.12
      2RN2,  H127,    6.74,     6.53,     4.70,     8.33,     7.26,    7.28,    6.74
      2RN2,   H62,    6.65,     6.62,     7.68,     6.90,     6.69,    7.13,    6.65
      2RN2,   H83,    5.24,     5.40,     4.57,     5.37,     6.08,    6.17,    5.24
      2LZM,   H31,    7.68,     7.26,    11.50,     8.57,     7.39,    7.75,    7.68
